15
0 87 253 75 190 307 261 335 146 373 359 359 156 233 168
87 0 188 169 224 386 251 395 206 356 310 156 71 265 257
253 188 0 334 389 350 124 333 211 220 128 294 148 433 325
175 169 334 0 203 473 399 506 314 504 445 181 239 231 334
190 224 389 203 0 499 468 526 340 573 497 324 297 118 240
307 386 350 473 499 0 297 140 186 358 415 565 408 541 251
261 251 124 399 468 297 0 258 156 108 124 373 221 494 300
335 395 333 506 526 140 258 0 193 298 379 596 410 568 327
146 206 211 314 340 186 156 193 0 269 272 373 223 379 169
373 356 220 504 573 358 108 298 269 0 95 490 335 610 414
359 310 128 445 497 415 124 379 272 95 0 350 216 538 418
259 156 294 181 324 565 373 596 373 490 350 0 158 366 412
156 71 148 239 297 408 221 410 223 335 216 158 0 335 322
233 265 433 230 118 541 494 568 379 610 538 366 335 0 388
168 257 325 334 240 251 300 327 169 414 418 412 322 388 0